1
4
5
6
8
9
10
14
15
16
17
24
33
34
39
40
42
43
45
47
54
55
57
59
61
63
64
65
66
67
69
70
73
75
76
78
81
88
92
96
97
99
102
104
108
111
112
113
115
117
118
119
121
122
123
126
128
130
131
134
135
137
138
140
141
142
145
150
153
156
158
159
160
161
163
164
165
166
167
168
170
171
172
174
177
181
183
185
186
189
190
191
192
193
195
196
198
200
203
204
207
209
210
213
220
221
222
223
225
226
227
228
231
233
235
237
239
240
241
242
243
246
250
257
261
263
264
265
268
269
273
274
275
277
278
280
281
283
287
288
294
297
302
303
304
305
308
310
311
312
313
314
316
318
319
320
325
326
329
330
333
337
338
339
342
344
347
349
351
353
354
356
357
358
360
362
365
366
367
369
370
371
372
373
374
375
376
377
378
381
384
385
386
388
389
393
394
395
397
399
405
406
408
410
411
417
418
420
422
423
424
425
427
428
429
432
434
437
438
440
441
443
444
445
446
448
449
450
453
455
462
463
464
465
466
467
471
472
473
475
477
478
480
481
483
485
486
488
489
493
494
495
497
498
502
503
507
508
509
510
513
515
516
518
519
521
523
525
534
535
536
538
539
540
542
543
544
545
546
548
550
552
553
557
559
561
562
563
564
565
567
568
569
572
574
575
578
580
581
583
585
586
587
588
593
594
595
596
597
598
599
602
604
606
607
609
613
614
616
621
628
631
632
636
639
641
642
643
645
646
649
650
651
655
657
659
661
663
665
666
669
670
675
676
677
678
681
682
685
686
687
689
692
694
695
698
700
701
702
703
704
705
706
707
711
712
713
715
717
724
726
729
731
734
736
737
738
739
740
742
743
747
749
751
752
754
758
761
763
765
767
769
773
775
780
782
784
787
788
790
791
792
793
795
797
798
800
804
806
807
809
810
815
816
818
821
822
825
827
830
833
837
838
839
841
842
847
848
850
851
852
854
855
859
861
863
865
866
869
870
873
874
880
881
883
884
886
888
891
892
893
894
895
897
898
899
902
903
907
910
915
926
928
929
934
936
938
939
940
941
942
944
945
946
949
950
952
957
960
967
969
970
971
972
973
976
979
981
982
983
988
989
990
998
999
1000
1001
1002
1004
1006
1007
1008
1010
1011
1022
1023
1026
1027
1028
1031
1032
1033
1034
1037
1038
1041
1043
1044
1048
1049
1052
1054
1055
1056
1057
1058
1060
1061
1064
1066
1069
1074
1075
1076
1079
1080
1087
1091
1092
1094
1095
1098
1102
1103
1109
1117
1118
1119
1120
1122
1123
1126
1127
1131
1132
1134
1137
1139
1141
1143
1148
1150
1153
1155
1158
1161
1162
1163
1166
1167
1170
1173
1174
1175
1179
1180
1185
1186
1188
1190
1192
1193
1196
1199
1200
1211
1212
1213
1214
1215
1216
1219
1220
1221
1222
1225
1226
1229
1233
1235
1236
1240
1245
1248
1252
1253
1264
1265
1266
1269
1274
1276
1277
1278
1279
1280
1282
1283
1288
1290
1291
1292
1297
1299
1300
1301
1302
1304
1306
1307
1308
1309
1311
1312
1313
1314
1315
1316
1318
1321
1326
1328
1329
1330
1331
1332
1333
1334
1336
1338
1339
1340
1343
1346
1349
1350
1351
1353
1354
1355
1357
1362
1363
1365
1366
1368
1369
1370
1377
1378
1380
1381
1382
1383
1386
1387
1389
1391
1394
1396
1397
1398
1399
1400
1401
1403
1406
1409
1410
1417
1422
1423
1428
1429
1434
1435
1437
1438
1442
1443
1444
1445
1449
1450
1451
1454
1455
1457
1464
1470
1471
1473
1477
1479
1480
1482
1483
1485
1486
1489
1490
1491
1492
1496
1497
1500
1501
1503
1506
1507
1508
1509
1512
1515
1518
1523
1524
1526
1527
1528
1530
1531
1538
1542
1543
1544
1545
1546
1547
1548
1549
1552
1553
1554
1557
1561
1564
1565
1566
1567
1571
1573
1579
1581
1582
1585
1589
1592
1597
1602
1603
1607
1609
1610
1612
1614
1616
1617
1618
1619
1620
1623
1624
1625
1626
1627
1630
1632
1633
1635
1637
1638
1642
1643
1644
1646
1647
1648
1649
1651
1652
1653
1654
1656
1657
1661
1662
1663
1665
1667
1668
1671
1672
1675
1678
1679
1680
1681
1683
1687
1690
1693
1694
1695
1696
1698
1699
1704
1706
1707
1708
1709
1710
1713
1715
1717
1718
1719
1720
1723
1727
1728
1729
1731
1733
1734
1735
1736
1737
1739
1744
1745
1746
1750
1754
1755
1757
1759
1765
1768
1769
1775
1776
1779
1785
1786
1787
1788
1789
1790
1792
1794
1799
1800
1801
1804
1805
1806
1807
1810
1813
1814
1815
1819
1821
1822
1823
1827
1830
1831
1832
1833
1835
1836
1838
1839
1842
1843
1844
1845
1846
1847
1848
1849
1851
1852
1854
1855
1856
1858
1860
1863
1865
1870
1872
1874
1875
1876
1880
1884
1886
1887
1888
1893
1895
1896
1898
1900
1901
1902
1905
1911
1913
1916
1918
1919
1926
1928
1931
1933
1938
1939
1940
1942
1944
1947
1950
1953
1954
1955
1956
1957
1962
1964
1967
1968
1969
1972
1974
1977
1979
1982
1983
1985
1986
1992
1995
1997
1999
2003
2007
2008
2009
2012
2013
2016
2017
2023
2024
2026
2029
2030
2035
2036
2037
2038
2041
2043
2047
2048
2049
2050
2051
2053
2056
2058
2060
2062
2066
2067
2068
2069
2070
2071
2072
2075
2078
2082
2083
2085
2086
2087
2088
2089
2090
2091
2093
2095
2100
2101
2105
2108
2109
2113
2115
2118
2119
2121
2122
2125
2127
2128
2131
2132
2135
2137
2140
2143
2144
2145
2146
2147
2149
2150
2151
2153
2155
2156
2157
2158
2159
2160
2163
2166
2170
2171
2172
2174
2175
2176
2177
2178
2179
2180
2181
2183
2184
2186
2189
2190
2192
2193
2194
2195
2197
2199
2201
2202
2204
2205
2206
2208
2210
2212
2219
2220
2221
2223
2224
2225
2229
2232
2233
2236
2238
2240
2243
2244
2247
2248
2250
2251
2252
2255
2256
2259
2260
2263
2265
2266
2267
2268
2270
2271
2273
2274
2275
2276
2279
2281
2282
2283
2286
2290
2293
2294
2296
2298
2299
2301
2304
2305
2307
2308
2309
2310
2315
2316
2318
2319
2320
2321
2324
2326
2328
2329
2331
2332
2333
2334
2335
2337
2339
2342
2343
2344
2345
2349
2350
2351
2353
2357
2359
2360
2363
2365
2367
2368
2369
2370
2371
2374
2375
2380
2381
2383
2384
2385
2388
2390
2393
2399
2400
2401
2402
2404
2406
2407
2409
2410
2412
2414
2417
2419
2420
2421
2424
2425
2426
2431
2436
2438
2439
2444
2445
2452
2453
2459
2460
2464
2467
2469
2470
2472
2473
2475
2476
2477
2479
2481
2482
2483
2484
2485
2487
2488
2502
2503
2504
2508
2511
2512
2516
2518
2519
2520
2521
2522
2523
2524
2525
2526
2528
2532
2533
2534
2536
2537
2538
2540
2544
2545
2547
2549
2557
2563
2564
2566
2567
2568
2569
2570
2573
2576
2579
2580
2582
2586
2587
2590
2592
2593
2594
2596
2600
2601
2604
2605
2609
2612
2614
2617
2619
2620
2621
2622
2623
2630
2631
2636
2637
2639
2641
2644
2647
2652
2653
2656
2657
2660
2661
2662
2663
2666
2667
2668
2669
2671
2675
2678
2679
2680
2681
2683
2686
2687
2688
2689
2691
2694
2695
2696
2699
2701
2705
2707
2708
2709
2710
2712
2715
2718
2721
2722
2725
2727
2729
2731
2733
2735
2745
2747
2749
2751
2755
2757
2759
2760
2761
2762
2765
2769
2770
2772
2776
2778
2779
2780
2781
2782
2783
2784
2785
2788
2790
2791
2796
2800
2802
2805
2806
2808
2809
2812
2813
2814
2815
2816
2817
2821
2822
2823
2824
2826
2827
2828
2831
2832
2835
2837
2838
2839
2840
2841
2843
2844
2848
2849
2850
2852
2855
2856
2857
2858
2862
2863
2864
2865
2866
2867
2871
2872
2874
2877
2879
2880
2883
2885
2887
2889
2890
2893
2894
2896
2897
2899
2900
2904
2905
2906
2907
2908
2910
2911
2914
2918
2919
2920
2921
2922
2924
2927
2928
2929
2931
2932
2935
2937
2944
2949
2951
2952
2955
2956
2957
2961
2962
2965
2967
2973
2976
2978
2979
2980
2984
2987
2990
2991
2992
2994
2995
2998
2999
3001
3002
3003
3004
3005
3006
3008
3009
3010
3011
3013
3014
3015
3016
3020
3024
3025
3026
3030
3036
3037
3041
3043
3044
3047
3052
3054
3058
3062
3065
3069
3070
3071
3075
3079
3082
3083
3084
3085
3086
3089
3098
3099
3104
3105
3106
3108
3109
3110
3112
3114
3115
3118
3119
3125
3128
3129
3130
3132
3133
3134
3135
3136
3138
3139
3143
3144
3149
3150
3151
3152
3153
3154
3155
3157
3158
3161
3163
3164
3165
3168
3170
3172
3174
3177
3178
3179
3182
3186
3192
3193
3195
3196
3198
3200
3204
3209
3210
3211
3212
3214
3218
3222
3223
3228
3229
3231
3232
3234
3238
3241
3243
3247
3248
3249
3251
3254
3258
3259
3262
3263
3267
3270
3271
3273
3275
3281
3282
3283
3284
3285
3286
3287
3289
3290
3291
3293
3295
3299
3301
3302
3303
3307
3309
3310
3311
3312
3313
3314
3318
3319
3321
3322
3330
3333
3337
3340
3341
3345
3348
3350
3358
3359
3362
3363
3364
3365
3369
3370
3371
3372
3374
3375
3376
3378
3379
3380
3382
3383
3384
3387
3388
3389
3391
3392
3393
3394
3395
3396
3398
3399
3402
3403
3407
3408
3411
3412
3415
3416
3417
3419
3420
3423
3425
3426
3427
3430
3431
3432
3435
3436
3437
3438
3439
3440
3441
3445
3446
3447
3448
3451
3455
3456
3460
3462
3464
3466
3467
3469
3472
3473
3474
3476
3478
3479
3480
3481
3482
3483
3486
3490
3491
3492
3493
3495
3496
3497
3498
3500
3501
3503
3505
3507
3508
3509
3510
3511
3514
3521
3522
3523
3525
3527
3529
3530
3531
3533
3534
3535
3536
3537
3539
3541
3542
3545
3546
3548
3549
3550
3553
3554
3555
3556
3557
3558
3560
3561
3562
3563
3565
3568
3573
3574
3580
3581
3589
3590
3592
3593
3595
3596
3597
3599
3603
3604
3605
3606
3607
3608
3609
3612
3615
3617
3618
3624
3625
3627
3630
3631
3633
3635
3636
3639
3642
3643
3644
3646
3648
3650
3653
3654
3657
3659
3660
3661
3663
3666
3670
3673
3674
3675
3677
3682
3683
3685
3686
3688
3693
3694
3695
3696
3698
3699
3702
3703
3704
3705
3706
3707
3709
3710
3711
3712
3715
3716
3717
3719
3724
3726
3727
3728
3729
3731
3732
3733
3736
3737
3740
3741
3742
3743
3746
3749
3751
3754
3756
3757
3758
3761
3764
3765
3769
3770
3771
3772
3774
3776
3777
3778
3779
3780
3783
3784
3787
3790
3792
3795
3796
3797
3798
3799
3800
3801
3802
3803
3804
3805
3807
3808
3810
3811
3813
3814
3816
3821
3822
3823
3825
3827
3829
3832
3833
3834
3836
3841
3842
3844
3846
3847
3849
3850
3853
3854
3856
3857
3859
3862
3863
3866
3867
3868
3869
3870
3871
3873
3874
3875
3877
3878
3879
3880
3885
3889
3891
3894
3895
3902
3903
3904
3908
3909
3913
3918
3920
3921
3927
3928
3929
3931
3933
3934
3935
3936
3938
3940
3943
3945
3946
3947
3948
3949
3953
3955
3956
3958
3959
3962
3964
3967
3972
3973
3974
3975
3976
3977
3979
3981
3982
3983
3984
3985
3986
3989
3990
3991
3994
3998
3999
4000
4001
4002
4003
4004
4006
4007
4009
4017
4018
4019
4021
4023
4025
4026
4030
4035
4036
4038
4039
4041
4042
4043
4047
4050
4051
4052
4053
4056
4057
4058
4063
4064
4066
4068
4069
4071
4072
4073
4074
4075
4079
4083
4088
4089
4090
4091
4092
4093
4099
4100
4102
4104
4107
4108
4110
4111
4112
4113
4114
4115
4116
4118
4119
4120
4123
4125
4126
4128
4133
4134
4137
4138
4139
4140
4142
4143
4145
4146
4147
4154
4156
4159
4161
4163
4164
4167
4168
4170
4172
4174
4175
4178
4179
4180
4181
4182
4184
4185
4187
4189
4192
4195
4196
4201
4203
4205
4206
4207
4211
4213
4216
4217
4218
4220
4221
4222
4223
4224
4227
4229
4231
4232
4233
4234
4238
4240
4242
4243
4246
4247
4248
4250
4251
4252
4253
4256
4258
4262
4263
4264
4266
4267
4271
4273
4274
4277
4280
4281
4282
4283
4287
4288
4289
4291
4292
4293
4294
4295
4296
4297
4298
4299
4301
4302
4303
4304
4306
4308
4310
4318
4321
4326
4327
4328
4330
4331
4335
4340
4341
4342
4343
4344
4345
4346
4347
4349
4351
4354
4355
4357
4358
4359
4360
4363
4364
4365
4366
4368
4370
4371
4373
4375
4379
4381
4382
4384
4387
4389
4390
4393
4395
4397
4400
4402
4403
4408
4409
4415
4418
4419
4423
4424
4425
4427
4429
4430
4431
4433
4438
4440
4442
4445
4446
4448
4449
4450
4451
4454
4463
4468
4469
4472
4473
4476
4477
4479
4480
4481
4482
4484
4485
4486
4487
4489
4491
4493
4495
4497
4498
4500
4501
4504
4505
4507
4509
4512
4513
4515
4517
4520
4528
4529
4530
4531
4533
4536
4537
4538
4539
4540
4541
4543
4547
4548
4550
4552
4553
4555
4556
4562
4565
4566
4568
4570
4572
4573
4574
4575
4576
4577
4580
4583
4584
4590
4591
4592
4593
4594
4598
4599
4601
4604
4606
4607
4610
4611
4615
4619
4620
4621
4624
4626
4630
4631
4632
